#input

capacitance [pF]    amplitude imput [mV]    amplitude imput std [mV]    amplitude [mV]  amplitude std [uV]      rise time [ns]   rise time std[ns]   noise [uV]   noise std[uV]
0                   22.45                   1.321                       66.64           740                     26.493           3.653               379.806      25.285
1                   22.98                   1.430                       66.47           680                     27.124           4.423               380.012      26.644
4.7                 22.9                    1.14                        63.49           830                     28.042           4.784               356.13       22.560
10                  23.66                   1.21                        59.62           630                     26.074           1.705               397.691      25.608
27                  25.21                   0.230                       50.99           700                     25.347           9.164               400.697      24.690
54                  25.2                    0.200                       41.2            400                     25.9             0.99                509.131      45.961
100                 25.28                   0.340                       32.37           820                     25.373           6.063               579.546      41.37
